40.49957 -74.44824 40.5040199 -74.4490599
40.5040199 -74.4490599 40.51514 -74.4619198
40.51514 -74.4619198 40.51442 -74.46618
40.51442 -74.46618 40.5186799 -74.4614699
40.5186799 -74.4614699 40.5219199 -74.4632599
40.5219199 -74.4632599 40.5239347 -74.4642238
40.5239347 -74.4642238 40.5261998 -74.4658297
40.5261998 -74.4658297 40.52583 -74.45872
40.52583 -74.45872 40.5236 -74.45806
40.5236 -74.45806 40.52181 -74.4567399
40.52181 -74.4567399 40.51871 -74.4599799
40.51871 -74.4599799 40.5034221 -74.4521521
40.5034221 -74.4521521 40.49957 -74.44824
40.5186799 -74.4614699 40.5219199 -74.4632599
40.5219199 -74.4632599 40.5235605 -74.4651893
40.5235605 -74.4651893 40.5219024 -74.4632745
40.5219024 -74.4632745 40.51442 -74.46618
40.51442 -74.46618 40.5186799 -74.4614699
40.5198612 -74.4335688 40.5186799 -74.4614699
40.5186799 -74.4614699 40.5219199 -74.4632599
40.5219199 -74.4632599 40.5239347 -74.4642238
40.5239347 -74.4642238 40.5261998 -74.4658297
40.5261998 -74.4658297 40.52583 -74.45872
40.52583 -74.45872 40.5236 -74.45806
40.5236 -74.45806 40.5251062 -74.4385837
40.5251062 -74.4385837 40.5243131 -74.4363968
40.5243131 -74.4363968 40.5198612 -74.4335688
40.48127 -74.43629 40.4855099 -74.4371999
40.4855099 -74.4371999 40.49138 -74.44264
40.49138 -74.44264 40.5219199 -74.4632599
40.5219199 -74.4632599 40.5236115 -74.4651274
40.5236115 -74.4651274 40.5219024 -74.4632745
40.5219024 -74.4632745 40.4870501 -74.4398701
40.4870501 -74.4398701 40.491856 -74.4430933
40.491856 -74.4430933 40.48422 -74.4381
40.48422 -74.4381 40.482988 -74.437542
40.482988 -74.437542 40.48127 -74.43629
40.49957 -74.44824 40.4870501 -74.4398701
40.4870501 -74.4398701 40.48422 -74.4381
40.48422 -74.4381 40.48306 -74.43746
40.48306 -74.43746 40.48127 -74.43629
40.48127 -74.43629 40.47891 -74.43571
40.47891 -74.43571 40.4799995 -74.4325226
40.4799995 -74.4325226 40.4809499 -74.4287199
40.4809499 -74.4287199 40.48304 -74.4315999
40.48304 -74.4315999 40.48523 -74.43194
40.48523 -74.43194 40.4855099 -74.4371999
40.4855099 -74.4371999 40.5040199 -74.4490599
40.5040199 -74.4490599 40.5034221 -74.4521521
40.5034221 -74.4521521 40.49957 -74.44824
40.49957 -74.44824 40.4981979 -74.445116
40.4981979 -74.445116 40.495062 -74.443997
40.495062 -74.443997 40.4918304 -74.4430403
40.4918304 -74.4430403 40.4870501 -74.4398701
40.4870501 -74.4398701 40.48422 -74.4381
40.48422 -74.4381 40.482988 -74.437542
40.482988 -74.437542 40.48127 -74.43629
40.48127 -74.43629 40.47891 -74.43571
40.47891 -74.43571 40.4799995 -74.4325226
40.4799995 -74.4325226 40.4809499 -74.4287199
40.4809499 -74.4287199 40.48304 -74.4315999
40.48304 -74.4315999 40.48523 -74.43194
40.48523 -74.43194 40.4855099 -74.4371999
40.4855099 -74.4371999 40.4876259 -74.4402073
40.4876259 -74.4402073 40.4932471 -74.4433992
40.4932471 -74.4433992 40.495286 -74.443878
40.495286 -74.443878 40.4974894 -74.4444598
40.4974894 -74.4444598 40.4997074 -74.4450693
40.4997074 -74.4450693 40.5040199 -74.4490599
40.5040199 -74.4490599 40.5034221 -74.4521521
40.5034221 -74.4521521 40.49957 -74.44824
40.49957 -74.44824 40.4981979 -74.445116
40.4981979 -74.445116 40.5040199 -74.4490599
40.5040199 -74.4490599 40.51871 -74.4599799
40.51871 -74.4599799 40.5218065 -74.4567012
40.5218065 -74.4567012 40.5236 -74.45806
40.5236 -74.45806 40.5258793 -74.4586278
40.5258793 -74.4586278 40.5261998 -74.4658297
40.5261998 -74.4658297 40.5235605 -74.4651893
40.5235605 -74.4651893 40.5219024 -74.4632745
40.5219024 -74.4632745 40.51442 -74.46618
40.51442 -74.46618 40.5034221 -74.4521521
40.5034221 -74.4521521 40.49957 -74.44824
40.48127 -74.43629 40.4855099 -74.4371999
40.4855099 -74.4371999 40.49138 -74.44264
40.49138 -74.44264 40.5251062 -74.4385837
40.5251062 -74.4385837 40.5243131 -74.4363968
40.5243131 -74.4363968 40.4870501 -74.4398701
40.4870501 -74.4398701 40.491856 -74.4430933
40.491856 -74.4430933 40.48422 -74.4381
40.48422 -74.4381 40.482988 -74.437542
40.482988 -74.437542 40.48127 -74.43629
40.503222 -74.4519619 40.49957 -74.44824
40.49957 -74.44824 40.4981979 -74.445116
40.4981979 -74.445116 40.5040199 -74.4490599
40.5040199 -74.4490599 40.51514 -74.4619198
40.51514 -74.4619198 40.5186799 -74.4614699
40.5186799 -74.4614699 40.5219199 -74.4632599
40.5219199 -74.4632599 40.5239347 -74.4642238
40.5239347 -74.4642238 40.5261998 -74.4658297
40.5261998 -74.4658297 40.52583 -74.45872
40.52583 -74.45872 40.5234 -74.45796
40.5234 -74.45796 40.5251062 -74.4385837
40.5251062 -74.4385837 40.524 -74.4366299
40.524 -74.4366299 40.5198612 -74.4335688
40.5198612 -74.4335688 40.50383 -74.44885
40.50383 -74.44885 40.4870501 -74.4398701
40.4870501 -74.4398701 40.48422 -74.4381
40.48422 -74.4381 40.48306 -74.43746
40.48306 -74.43746 40.48127 -74.43629
40.48127 -74.43629 40.47891 -74.43571
40.47891 -74.43571 40.4799995 -74.4325226
40.4799995 -74.4325226 40.4809499 -74.4287199
40.4809499 -74.4287199 40.48304 -74.4315999
40.48304 -74.4315999 40.48523 -74.43194
40.48523 -74.43194 40.4858788 -74.4379873
40.4858788 -74.4379873 40.4876259 -74.4402073
40.4876259 -74.4402073 40.4932471 -74.4433992
40.4932471 -74.4433992 40.495286 -74.443878
40.495286 -74.443878 40.4976798 -74.4445099
40.4976798 -74.4445099 40.4996299 -74.4450499
40.4996299 -74.4450499 40.5039 -74.44883
40.5039 -74.44883 40.503222 -74.4519619
40.503222 -74.4519619 40.49957 -74.44824
40.49957 -74.44824 40.4981979 -74.445116
40.4981979 -74.445116 40.495062 -74.443997
40.495062 -74.443997 40.4918304 -74.4430403
40.4918304 -74.4430403 40.4870501 -74.4398701
40.4870501 -74.4398701 40.48422 -74.4381
40.48422 -74.4381 40.48306 -74.43746
40.48306 -74.43746 40.48127 -74.43629
40.48127 -74.43629 40.47891 -74.43571
40.47891 -74.43571 40.4799995 -74.4325226
40.4799995 -74.4325226 40.4809499 -74.4287199
40.4809499 -74.4287199 40.48304 -74.4315999
40.48304 -74.4315999 40.48523 -74.43194
40.48523 -74.43194 40.4858788 -74.4379873
40.4858788 -74.4379873 40.5039 -74.44883
40.5039 -74.44883 40.5251062 -74.4385837
40.5251062 -74.4385837 40.524 -74.4366299
40.524 -74.4366299 40.5198612 -74.4335688
40.5198612 -74.4335688 40.5234 -74.45796
40.5234 -74.45796 40.5258793 -74.4586278
40.5258793 -74.4586278 40.5261998 -74.4658297
40.5261998 -74.4658297 40.5235605 -74.4651893
40.5235605 -74.4651893 40.5219024 -74.4632745
40.5219024 -74.4632745 40.503222 -74.4519619
40.49957 -74.44824 40.49815 -74.44525
40.49815 -74.44525 40.5040199 -74.4490599
40.5040199 -74.4490599 40.51514 -74.4619198
40.51514 -74.4619198 40.5186799 -74.4614699
40.5186799 -74.4614699 40.5219199 -74.4632599
40.5219199 -74.4632599 40.5239347 -74.4642238
40.5239347 -74.4642238 40.5261998 -74.4658297
40.5261998 -74.4658297 40.52583 -74.45872
40.52583 -74.45872 40.5236 -74.45806
40.5236 -74.45806 40.5251062 -74.4385837
40.5251062 -74.4385837 40.5243131 -74.4363968
40.5243131 -74.4363968 40.5198612 -74.4335688
40.5198612 -74.4335688 40.50383 -74.44885
40.50383 -74.44885 40.4870501 -74.4398701
40.4870501 -74.4398701 40.48422 -74.4381
40.48422 -74.4381 40.482988 -74.437542
40.482988 -74.437542 40.48127 -74.43629
40.48127 -74.43629 40.47891 -74.43571
40.47891 -74.43571 40.4799995 -74.4325226
40.4799995 -74.4325226 40.4809499 -74.4287199
40.4809499 -74.4287199 40.48304 -74.4315999
40.48304 -74.4315999 40.48523 -74.43194
40.48523 -74.43194 40.4855099 -74.4371999
40.4855099 -74.4371999 40.4876259 -74.4402073
40.4876259 -74.4402073 40.4932471 -74.4433992
40.4932471 -74.4433992 40.495286 -74.443878
40.495286 -74.443878 40.4974894 -74.4444598
40.4974894 -74.4444598 40.4996299 -74.4450499
40.4996299 -74.4450499 40.5039 -74.44883
40.5039 -74.44883 40.5034221 -74.4521521
40.5034221 -74.4521521 40.49957 -74.44824
40.494289 -74.449676 40.4976798 -74.4445099
40.4976798 -74.4445099 40.4997074 -74.4450693
40.4997074 -74.4450693 40.5040199 -74.4490599
40.5040199 -74.4490599 40.5034221 -74.4521521
40.5034221 -74.4521521 40.50617 -74.46223
40.50617 -74.46223 40.49815 -74.44525
40.49815 -74.44525 40.494289 -74.449676
40.494289 -74.449676 40.50617 -74.46223
40.50617 -74.46223 40.5034221 -74.4521521
40.5034221 -74.4521521 40.49957 -74.44824
40.49957 -74.44824 40.49815 -74.44525
40.49815 -74.44525 40.494289 -74.449676
40.5198612 -74.4335688 40.5034221 -74.4521521
40.5034221 -74.4521521 40.49957 -74.44824
40.49957 -74.44824 40.4981979 -74.445116
40.4981979 -74.445116 40.5040199 -74.4490599
40.5040199 -74.4490599 40.5251062 -74.4385837
40.5251062 -74.4385837 40.5243131 -74.4363968
40.5243131 -74.4363968 40.5198612 -74.4335688
