92
221
44
122
28
33
57
121
70
60
62
309
85
28
33
38
130
122
420
28
33
57
121
70
325
313
89
143
265
414
33
38
365
53
120
101
23
185
59
101
23
99
12
74
156
67
394
403
81
85
58
190
277
72
68
101
23
99
12
74
156
67
394
212
65
27
21
10
69
81
85
58
75
339
68
103
78
118
56
38
130
225
85
143
257
485
313
530
53
120
101
23
85
58
75
221
110
28
33
57
121
70
325
313
89
382
196
68
101
23
99
12
74
156
67
234
26
65
27
21
10
63
86
85
58
190
277
72
59
101
23
99
12
74
156
67
234
211
381
313
89
269
78
118
56
38
271
58
75
221
110
28
33
57
121
70
325
313
89
382
208
59
101
23
99
12
74
156
67
394
212
65
27
21
10
63
86
85
106
10
69
81
114
189
92
305
97
85
58
92
396
85
58
75
376
313
89
